JavaScript 25333 17494 0.690562
Python 14732 10932 0.742058
HTML 11987 10071 0.840160
Java 10370 6602 0.636644
Shell 9889 8383 0.847710
CSS 8279 7002 0.845754
Ruby 7765 5847 0.752994
C 7377 6068 0.822557
PHP 7358 4724 0.642022
C++ 7271 5537 0.761518
Go 4205 3348 0.796195
VimL 3951 3264 0.826120
C# 3135 2096 0.668581
Objective-C 2931 2144 0.731491
Swift 1821 1358 0.745744
CoffeeScript 1721 1516 0.880883
TeX 1416 1211 0.855226
Scala 1337 992 0.741960
Perl 1329 1082 0.814146
Lua 1043 854 0.818792
Makefile 994 930 0.935614
Rust 976 828 0.848361
Haskell 967 769 0.795243
TypeScript 912 801 0.878289
R 875 664 0.758857
Clojure 815 630 0.773006
Elixir 632 525 0.830696
Groovy 408 352 0.862745
Matlab 360 285 0.791667
Erlang 357 282 0.789916
Puppet 321 289 0.900312
PowerShell 319 260 0.815047
Arduino 296 250 0.844595
Kotlin 249 205 0.823293
Assembly 228 209 0.916667
OCaml 220 161 0.731818
Julia 208 142 0.682692
ApacheConf 207 182 0.879227
CMake 206 194 0.941748
XSLT 185 157 0.848649
Nginx 185 167 0.902703
Elm 166 151 0.909639
Batchfile 165 149 0.903030
Scheme 161 140 0.869565
Nix 159 136 0.855346
F# 157 119 0.757962
Groff 155 142 0.916129
Dart 154 106 0.688312
D 144 114 0.791667
ActionScript 127 98 0.771654
Eagle 123 105 0.853659
FORTRAN 119 94 0.789916
Haxe 118 89 0.754237
Pascal 111 82 0.738739
PostScript 103 90 0.873786
Racket 95 73 0.768421
SaltStack 86 74 0.860465
Processing 84 74 0.880952
HCL 79 71 0.898734
Smarty 77 73 0.948052
PLpgSQL 77 73 0.948052
Vue 75 66 0.880000
Objective-C++ 75 63 0.840000
KiCad 75 65 0.866667
Perl6 73 65 0.890411
PureScript 67 63 0.940299
Crystal 67 64 0.955224
GLSL 64 55 0.859375
Verilog 63 57 0.904762
QML 60 52 0.866667
Mathematica 60 47 0.783333
AutoHotkey 59 54 0.915254
OpenSCAD 57 51 0.894737
DM 57 12 0.210526
Prolog 56 52 0.928571
AppleScript 56 51 0.910714
M4 50 46 0.920000
Vala 49 42 0.857143
VHDL 49 46 0.938776
Logos 44 42 0.954545
LiveScript 44 38 0.863636
Tcl 43 36 0.837209
Coq 41 33 0.804878
PLSQL 39 33 0.846154
Nimrod 38 32 0.842105
Cuda 36 30 0.833333
ASP 36 29 0.805556
Cucumber 35 33 0.942857
BitBake 29 25 0.862069
SourcePawn 28 25 0.892857
SQLPL 27 23 0.851852
Smalltalk 24 17 0.708333
Agda 24 21 0.875000
XQuery 23 18 0.782609
SQF 23 12 0.521739
IDL 23 16 0.695652
ColdFusion 21 13 0.619048
SuperCollider 20 13 0.650000
Max 20 15 0.750000
LilyPond 20 17 0.850000
GDScript 20 15 0.750000
Xtend 18 17 0.944444
Idris 18 15 0.833333
Forth 18 16 0.888889
Gnuplot 17 15 0.882353
Awk 17 16 0.941176
Ada 17 12 0.705882
Liquid 16 12 0.750000
NSIS 15 13 0.866667
Brainfuck 15 14 0.933333
Apex 15 10 0.666667
Yacc 14 14 1.000000
FreeMarker 14 14 1.000000
Objective-J 13 9 0.692308
Lex 13 12 0.923077
Smali 12 11 0.916667
Modelica 12 11 0.916667
Hy 12 12 1.000000
Hack 12 7 0.583333
XML 11 11 1.000000
MoonScript 11 11 1.000000
M 11 11 1.000000
CartoCSS 11 11 1.000000
Eiffel 10 7 0.700000
Chapel 10 2 0.200000
ANTLR 10 10 1.000000
Stata 9 8 0.888889
RAML 9 9 1.000000
GAP 9 6 0.666667
Delphi 9 5 0.555556
DTrace 9 8 0.888889
AMPL 9 6 0.666667
SystemVerilog 8 7 0.875000
Pony 8 8 1.000000
Handlebars 8 7 0.875000
nesC 7 6 0.857143
Mercury 7 6 0.857143
LLVM 7 7 1.000000
J 7 6 0.857143
Inform 7 0 0 NaN
SMT 6 5 0.833333
SAS 6 6 1.000000
HLSL 6 6 1.000000
Bro 6 6 1.000000
AutoIt 6 5 0.833333
XS 5 4 0.800000
VCL 5 5 1.000000
Scilab 5 4 0.800000
SQL 5 5 1.000000
Mako 5 5 1.000000
Factor 5 3 0.600000
Ceylon 5 4 0.800000
BlitzBasic 5 4 0.800000
ABAP 5 5 1.000000
UnrealScript 4 4 1.000000
Thrift 4 3 0.750000
Stan 4 4 1.000000
Squirrel 4 2 0.500000
Rebol 4 4 1.000000
QMake 4 4 1.000000
PureBasic 4 4 1.000000
NetLogo 4 1 0.250000
MAXScript 4 4 1.000000
Lasso 4 3 0.750000
LabVIEW 4 3 0.750000
xBase 3 3 1.000000
wisp 3 3 1.000000
ooc 3 2 0.666667
Xojo 3 0 0.000000
UrWeb 3 3 1.000000
Uno 3 2 0.666667
Ren'Py 3 2 0.666667
Pan 3 3 1.000000
PAWN 3 3 1.000000
NewLisp 3 1 0.333333
Nemerle 3 2 0.666667
Isabelle 3 3 1.000000
Gosu 3 3 1.000000
Golo 3 3 1.000000
Cirru 3 3 1.000000
COBOL 3 3 1.000000
CLIPS 3 3 1.000000
Brightscript 3 3 1.000000
AspectJ 3 3 1.000000
Alloy 3 2 0.666667
APL 3 3 1.000000
Terra 2 2 1.000000
Slash 2 2 1.000000
RobotFramework 2 1 0.500000
PicoLisp 2 2 1.000000
Parrot 2 1 0.500000
Papyrus 2 1 0.500000
NetLinx 2 1 0.500000
Metal 2 2 1.000000
LookML 2 0 0.000000
Limbo 2 2 1.000000
Lean 2 2 1.000000
LOLCODE 2 2 1.000000
JSONiq 2 2 1.000000
Io 2 2 1.000000
HyPhy 2 2 1.000000
Genshi 2 2 1.000000
Frege 2 2 1.000000
FLUX 2 2 1.000000
Dylan 2 2 1.000000
Diff 2 2 1.000000
Cycript 2 2 1.000000
Clean 2 2 1.000000
ChucK 2 2 1.000000
Bluespec 2 2 1.000000
Bison 2 2 1.000000
Arc 2 2 1.000000
ATS 2 0 0.000000
Zephir 1 1 1.000000
XProc 1 1 1.000000
XC 1 1 1.000000
X10 1 0 0.000000
Volt 1 1 1.000000
Turing 1 1 1.000000
Self 1 1 1.000000
Red 1 0 0.000000
REALbasic 1 0 0.000000
Pike 1 1 1.000000
Oz 1 1 1.000000
Opa 1 1 1.000000
Mask 1 1 1.000000
Jasmin 1 1 1.000000
Fancy 1 1 1.000000
EmberScript 1 1 1.000000
DOT 1 1 1.000000
Charity 1 1 1.000000
Boo 1 1 1.000000
BlitzMax 1 0 0.000000
Augeas 1 1 1.000000
Web Ontology Language 35 28 0.800000
Visual Basic 118 91 0.771186
Standard ML 36 32 0.888889
Ragel in Ruby Host 3 2 0.666667
Pure Data 15 13 0.866667
Protocol Buffer 40 35 0.875000
Propeller Spin 2 2 1.000000
POV-Ray SDL 0 0 NaN
OpenEdge ABL 0 0 NaN
Jupyter Notebook 0 0 NaN
Inno Setup 0 0 NaN
Grammatical Framework 0 0 NaN
Gettext Catalog 0 0 NaN
Game Maker Language 0 0 NaN
Emacs Lisp 0 0 NaN
DIGITAL Command Language 0 0 NaN
DCPU-16 ASM 0 0 NaN
Component Pascal 0 0 NaN
Common Lisp 0 0 NaN
Cap'n Proto 0 0 NaN
API Blueprint 0 0 NaN
AGS Script 0 0 NaN
