1 97206
2 77355
3 56428
4 39042
5 26470
6 17733
7 12060
8 8385
9 5895
10 4263
11 3171
12 2339
13 1780
14 1371
15 1067
16 802
17 640
18 504
19 410
20 321
21 269
22 229
23 193
24 155
25 137
26 119
27 102
28 84
29 77
30 65
31 56
32 46
33 40
34 37
35 33
36 28
37 25
38 22
39 19
40 17
41 16
42 15
43 14
44 13
45 11
46 10
47 10
48 9
49 9
50 9
51 9
52 8
53 7
54 7
55 5
56 5
57 5
58 5
59 5
60 5
61 5
62 4
63 3
64 1
65 1
66 1
67 1
68 1
69 1
70 1
71 1
72 1
73 1
74 1
75 1
76 1
77 1
78 1
79 1
80 1
81 1
82 0
83 0
84 0
85 0
86 0
87 0
88 0
89 0
90 0
91 0
92 0
93 0
94 0
95 0
96 0
97 0
98 0
99 0
100 0
