1 94511
2 71715
3 49622
4 32466
5 20816
6 13074
7 8326
8 5440
9 3578
10 2445
11 1757
12 1273
13 957
14 731
15 571
16 443
17 347
18 278
19 226
20 185
21 155
22 132
23 111
24 84
25 69
26 60
27 51
28 42
29 38
30 33
31 28
32 26
33 22
34 19
35 16
36 14
37 14
38 13
39 10
40 9
41 9
42 8
43 7
44 7
45 6
46 6
47 6
48 5
49 5
50 5
51 5
52 5
53 4
54 4
55 3
56 3
57 3
58 3
59 3
60 3
61 3
62 3
63 2
64 1
65 1
66 1
67 1
68 1
69 1
70 1
71 1
72 1
73 1
74 1
75 1
76 1
77 1
78 1
79 1
80 1
81 1
82 0
83 0
84 0
85 0
86 0
87 0
88 0
89 0
90 0
91 0
92 0
93 0
94 0
95 0
96 0
97 0
98 0
99 0
100 0
