Start with input: lang-user_own
1 75344
2 40256
3 18897
4 8210
5 3571
6 1541
7 693
8 322
9 168
10 98
11 65
12 52
13 41
14 35
15 27
16 22
17 19
18 14
19 12
20 8
21 7
22 6
23 6
24 4
25 3
26 3
27 2
28 2
29 2
30 2
31 2
32 2
33 2
34 1
35 1
36 1
37 1
38 1
39 1
40 1
41 1
42 1
43 1
44 1
45 1
46 1
47 1
48 1
49 1
50 1
51 1
52 1
53 1
54 1
55 0
56 0
57 0
58 0
59 0
60 0
61 0
62 0
63 0
64 0
65 0
66 0
67 0
68 0
69 0
70 0
71 0
72 0
73 0
74 0
75 0
76 0
77 0
78 0
79 0
80 0
81 0
82 0
83 0
84 0
85 0
86 0
87 0
88 0
89 0
90 0
91 0
92 0
93 0
94 0
95 0
96 0
97 0
98 0
99 0
100 0
